
  =-------------------------------------------------------------------=

                           Hubbard U parameters:

       site n.  type  label  spin  new_type  new_label  Hubbard U (eV)
         1        1    Pt      1      1         Pt         4.5263

  =-------------------------------------------------------------------=


          chi0 matrix :
   -0.325923    0.010062    0.010062    0.010062    0.010062   -0.006519    0.010062   -0.006519
    0.010062
 
    0.010062   -0.325923    0.010062   -0.006519    0.010062    0.010062    0.010062    0.010062
   -0.006519
 
    0.010062    0.010062   -0.325923    0.010062   -0.006519    0.010062   -0.006519    0.010062
    0.010062
 
    0.010062   -0.006519    0.010062   -0.325923    0.010062    0.010062    0.010062    0.010062
   -0.006519
 
    0.010062    0.010062   -0.006519    0.010062   -0.325923    0.010062   -0.006519    0.010062
    0.010062
 
   -0.006519    0.010062    0.010062    0.010062    0.010062   -0.325923    0.010062   -0.006519
    0.010062
 
    0.010062    0.010062   -0.006519    0.010062   -0.006519    0.010062   -0.325923    0.010062
    0.010062
 
   -0.006519    0.010062    0.010062    0.010062    0.010062   -0.006519    0.010062   -0.325923
    0.010062
 
    0.010062   -0.006519    0.010062   -0.006519    0.010062    0.010062    0.010062    0.010062
   -0.325923
 

          chi matrix :
   -0.131469    0.001359    0.001359    0.001359    0.001359   -0.001953    0.001359   -0.001953
    0.001359
 
    0.001359   -0.131469    0.001359   -0.001953    0.001359    0.001359    0.001359    0.001359
   -0.001953
 
    0.001359    0.001359   -0.131469    0.001359   -0.001953    0.001359   -0.001953    0.001359
    0.001359
 
    0.001359   -0.001953    0.001359   -0.131469    0.001359    0.001359    0.001359    0.001359
   -0.001953
 
    0.001359    0.001359   -0.001953    0.001359   -0.131469    0.001359   -0.001953    0.001359
    0.001359
 
   -0.001953    0.001359    0.001359    0.001359    0.001359   -0.131469    0.001359   -0.001953
    0.001359
 
    0.001359    0.001359   -0.001953    0.001359   -0.001953    0.001359   -0.131469    0.001359
    0.001359
 
   -0.001953    0.001359    0.001359    0.001359    0.001359   -0.001953    0.001359   -0.131469
    0.001359
 
    0.001359   -0.001953    0.001359   -0.001953    0.001359    0.001359    0.001359    0.001359
   -0.131469
 

        chi0^{-1} matrix :
   -3.088042   -0.097839   -0.097839   -0.097839   -0.097839    0.042787   -0.097839    0.042787
   -0.097839
 
   -0.097839   -3.088042   -0.097839    0.042787   -0.097839   -0.097839   -0.097839   -0.097839
    0.042787
 
   -0.097839   -0.097839   -3.088042   -0.097839    0.042787   -0.097839    0.042787   -0.097839
   -0.097839
 
   -0.097839    0.042787   -0.097839   -3.088042   -0.097839   -0.097839   -0.097839   -0.097839
    0.042787
 
   -0.097839   -0.097839    0.042787   -0.097839   -3.088042   -0.097839    0.042787   -0.097839
   -0.097839
 
    0.042787   -0.097839   -0.097839   -0.097839   -0.097839   -3.088042   -0.097839    0.042787
   -0.097839
 
   -0.097839   -0.097839    0.042787   -0.097839    0.042787   -0.097839   -3.088042   -0.097839
   -0.097839
 
    0.042787   -0.097839   -0.097839   -0.097839   -0.097839    0.042787   -0.097839   -3.088042
   -0.097839
 
   -0.097839    0.042787   -0.097839    0.042787   -0.097839   -0.097839   -0.097839   -0.097839
   -3.088042
 

        chi^{-1} matrix :
   -7.614298   -0.076608   -0.076608   -0.076608   -0.076608    0.106771   -0.076608    0.106771
   -0.076608
 
   -0.076608   -7.614298   -0.076608    0.106771   -0.076608   -0.076608   -0.076608   -0.076608
    0.106771
 
   -0.076608   -0.076608   -7.614298   -0.076608    0.106771   -0.076608    0.106771   -0.076608
   -0.076608
 
   -0.076608    0.106771   -0.076608   -7.614298   -0.076608   -0.076608   -0.076608   -0.076608
    0.106771
 
   -0.076608   -0.076608    0.106771   -0.076608   -7.614298   -0.076608    0.106771   -0.076608
   -0.076608
 
    0.106771   -0.076608   -0.076608   -0.076608   -0.076608   -7.614298   -0.076608    0.106771
   -0.076608
 
   -0.076608   -0.076608    0.106771   -0.076608    0.106771   -0.076608   -7.614298   -0.076608
   -0.076608
 
    0.106771   -0.076608   -0.076608   -0.076608   -0.076608    0.106771   -0.076608   -7.614298
   -0.076608
 
   -0.076608    0.106771   -0.076608    0.106771   -0.076608   -0.076608   -0.076608   -0.076608
   -7.614298
 

         Hubbard matrix :
    4.526256   -0.021231   -0.021231   -0.021231   -0.021231   -0.063984   -0.021231   -0.063984
   -0.021231
 
   -0.021231    4.526256   -0.021231   -0.063984   -0.021231   -0.021231   -0.021231   -0.021231
   -0.063984
 
   -0.021231   -0.021231    4.526256   -0.021231   -0.063984   -0.021231   -0.063984   -0.021231
   -0.021231
 
   -0.021231   -0.063984   -0.021231    4.526256   -0.021231   -0.021231   -0.021231   -0.021231
   -0.063984
 
   -0.021231   -0.021231   -0.063984   -0.021231    4.526256   -0.021231   -0.063984   -0.021231
   -0.021231
 
   -0.063984   -0.021231   -0.021231   -0.021231   -0.021231    4.526256   -0.021231   -0.063984
   -0.021231
 
   -0.021231   -0.021231   -0.063984   -0.021231   -0.063984   -0.021231    4.526256   -0.021231
   -0.021231
 
   -0.063984   -0.021231   -0.021231   -0.021231   -0.021231   -0.063984   -0.021231    4.526256
   -0.021231
 
   -0.021231   -0.063984   -0.021231   -0.063984   -0.021231   -0.021231   -0.021231   -0.021231
    4.526256
 
